IndustryGroup
114.0
162.0
130.0
36.0
153.0
180.0
162.0
237.0
82.0
130.0
130.0
229.0
220.0
176.0
232.0
130.0
171.0
130.0
48.0
142.0
220.0
193.0
228.0
171.0
153.0
162.0
153.0
153.0
153.0
176.0
60.0
207.0
153.0
153.0
249.0
162.0
183.0
142.0
239.0
36.0
206.0
237.0
153.0
98.0
78.0
142.0
180.0
118.0
151.0
188.0
243.0
153.0
220.0
201.0
145.0
153.0
153.0
161.0
195.0
242.0
105.0
150.0
153.0
34.0
153.0
63.0
153.0
153.0
60.0
130.0
151.0
60.0
36.0
243.0
131.0
157.0
216.0
176.0
153.0
130.0
94.0
17.0
66.0
139.0
130.0
68.0
87.0
206.0
150.0
153.0
153.0
207.0
120.0
216.0
180.0
245.0
150.0
151.0
153.0
88.0
14.0
208.0
115.0
129.0
97.0
222.0
153.0
180.0
18.0
118.0
216.0
129.0
153.0
64.0
153.0
18.0
153.0
144.0
87.0
153.0
153.0
213.0
130.0
60.0
108.0
203.0
126.0
18.0
10.0
216.0
87.0
162.0
216.0
153.0
87.0
228.0
153.0
153.0
153.0
229.0
64.0
84.0
108.0
60.0
130.0
207.0
183.0
185.0
127.0
220.0
136.0
216.0
153.0
36.0
206.0
105.0
130.0
193.0
180.0
180.0
0.0
158.0
129.0
94.0
162.0
130.0
18.0
207.0
60.0
153.0
130.0
151.0
116.0
216.0
244.0
128.0
14.0
105.0
229.0
128.0
153.0
242.0
245.0
133.0
153.0
62.0
153.0
164.0
129.0
131.0
150.0
87.0
11.0
70.0
146.0
108.0
36.0
118.0
143.0
158.0
153.0
142.0
196.0
223.0
130.0
153.0
118.0
207.0
118.0
155.0
203.0
130.0
54.0
38.0
176.0
216.0
158.0
216.0
130.0
164.0
116.0
245.0
160.0
208.0
199.0
81.0
130.0
158.0
18.0
118.0
153.0
130.0
204.0
44.0
130.0
153.0
130.0
115.0
213.0
216.0
18.0
14.0
130.0
153.0
234.0
218.0
123.0
229.0
106.0
130.0
155.0
229.0
98.0
136.0
208.0
229.0
141.0
18.0
168.0
153.0
229.0
18.0
153.0
207.0
130.0
130.0
169.0
45.0
209.0
186.0
153.0
153.0
162.0
105.0
60.0
98.0
60.0
101.0
43.0
153.0
229.0
158.0
174.0
210.0
124.0
130.0
153.0
181.0
0.0
151.0
129.0
153.0
118.0
153.0
216.0
98.0
108.0
229.0
115.0
208.0
153.0
153.0
220.0
153.0
216.0
176.0
130.0
153.0
207.0
207.0
153.0
145.0
90.0
215.0
153.0
115.0
153.0
208.0
229.0
54.0
178.0
207.0
115.0
180.0
153.0
153.0
118.0
229.0
132.0
94.0
60.0
131.0
108.0
153.0
183.0
229.0
153.0
14.0
60.0
17.0
213.0
229.0
136.0
87.0
108.0
53.0
216.0
97.0
94.0
159.0
153.0
60.0
207.0
254.0
14.0
56.0
213.0
153.0
130.0
163.0
152.0
153.0
18.0
15.0
153.0
163.0
115.0
216.0
153.0
162.0
97.0
36.0
93.0
130.0
229.0
176.0
153.0
153.0
73.0
18.0
178.0
12.0
134.0
220.0
153.0
118.0
38.0
153.0
130.0
216.0
179.0
237.0
110.0
153.0
45.0
98.0
90.0
153.0
236.0
229.0
216.0
153.0
180.0
153.0
229.0
153.0
153.0
15.0
118.0
90.0
130.0
14.0
153.0
153.0
220.0
153.0
101.0
153.0
115.0
130.0
167.0
123.0
243.0
60.0
254.0
44.0
153.0
118.0
220.0
153.0
153.0
153.0
153.0
153.0
153.0
90.0
115.0
176.0
153.0
34.0
162.0
118.0
153.0
153.0
244.0
153.0
180.0
236.0
153.0
153.0
149.0
254.0
98.0
142.0
153.0
15.0
115.0
153.0
108.0
164.0
116.0
155.0
153.0
188.0
21.0
236.0
105.0
176.0
153.0
142.0
36.0
22.0
240.0
153.0
127.0
14.0
121.0
256.0
207.0
136.0
153.0
176.0
155.0
216.0
213.0
153.0
180.0
213.0
233.0
163.0
196.0
160.0
176.0
206.0
64.0
153.0
153.0
130.0
90.0
66.0
50.0
208.0
155.0
216.0
94.0
98.0
90.0
4.0
12.0
153.0
153.0
151.0
141.0
130.0
164.0
105.0
130.0
153.0
127.0
130.0
208.0
66.0
60.0
136.0
130.0
94.0
229.0
60.0
108.0
176.0
237.0
153.0
30.0
220.0
213.0
162.0
220.0
45.0
124.0
130.0
115.0
123.0
153.0
233.0
93.0
153.0
228.0
160.0
228.0
153.0
118.0
153.0
30.0
153.0
87.0
130.0
153.0
136.0
90.0
130.0
130.0
101.0
153.0
118.0
87.0
122.0
183.0
130.0
153.0
180.0
108.0
153.0
160.0
229.0
153.0
205.0
67.0
224.0
48.0
130.0
108.0
229.0
153.0
88.0
130.0
116.0
244.0
28.0
231.0
203.0
91.0
106.0
153.0
48.0
169.0
254.0
153.0
153.0
220.0
158.0
153.0
162.0
115.0
206.0
180.0
14.0
142.0
176.0
216.0
101.0
115.0
216.0
44.0
176.0
18.0
153.0
153.0
153.0
150.0
142.0
230.0
168.0
153.0
153.0
80.0
129.0
153.0
210.0
221.0
153.0
176.0
18.0
130.0
195.0
153.0
194.0
162.0
44.0
153.0
176.0
131.0
153.0
130.0
206.0
153.0
220.0
153.0
229.0
1.0
130.0
216.0
176.0
192.0
85.0
176.0
232.0
254.0
130.0
183.0
0.0
14.0
33.0
153.0
96.0
163.0
199.0
153.0
90.0
174.0
199.0
180.0
130.0
176.0
186.0
30.0
180.0
0.0
128.0
245.0
220.0
254.0
183.0
220.0
129.0
182.0
143.0
153.0
180.0
176.0
180.0
98.0
131.0
112.0
162.0
60.0
153.0
153.0
110.0
176.0
197.0
208.0
158.0
136.0
162.0
207.0
36.0
186.0
118.0
110.0
208.0
227.0
186.0
180.0
158.0
158.0
220.0
181.0
180.0
184.0
13.0
216.0
14.0
208.0
215.0
196.0
242.0
163.0
153.0
130.0
49.0
153.0
213.0
18.0
142.0
85.0
153.0
196.0
60.0
44.0
115.0
153.0
163.0
17.0
153.0
169.0
212.0
186.0
193.0
223.0
153.0
229.0
60.0
90.0
153.0
105.0
64.0
157.0
36.0
153.0
227.0
176.0
181.0
177.0
153.0
160.0
98.0
115.0
159.0
43.0
153.0
43.0
67.0
64.0
229.0
30.0
94.0
208.0
163.0
87.0
229.0
229.0
87.0
44.0
109.0
153.0
160.0
176.0
13.0
176.0
73.0
216.0
153.0
220.0
153.0
196.0
151.0
163.0
99.0
227.0
181.0
232.0
216.0
90.0
103.0
160.0
66.0
151.0
87.0
87.0
110.0
164.0
110.0
13.0
176.0
87.0
220.0
60.0
98.0
153.0
158.0
162.0
221.0
153.0
14.0
158.0
176.0
9.0
82.0
242.0
37.0
36.0
30.0
176.0
207.0
128.0
208.0
153.0
207.0
90.0
208.0
199.0
98.0
30.0
153.0
153.0
115.0
57.0
208.0
15.0
163.0
173.0
153.0
216.0
153.0
64.0
216.0
213.0
153.0
153.0
191.0
150.0
196.0
153.0
167.0
150.0
34.0
153.0
167.0
153.0
153.0
242.0
213.0
60.0
162.0
191.0
153.0
195.0
90.0
153.0
110.0
229.0
191.0
128.0
229.0
176.0
28.0
216.0
108.0
195.0
153.0
225.0
136.0
101.0
207.0
110.0
143.0
191.0
207.0
124.0
153.0
183.0
178.0
153.0
245.0
60.0
153.0
213.0
245.0
206.0
130.0
118.0
180.0
64.0
90.0
148.0
153.0
64.0
14.0
199.0
44.0
128.0
118.0
45.0
208.0
220.0
18.0
40.0
191.0
153.0
153.0
192.0
194.0
153.0
186.0
162.0
162.0
219.0
181.0
46.0
153.0
13.0
14.0
176.0
4.0
220.0
227.0
151.0
76.0
153.0
18.0
191.0
176.0
158.0
101.0
43.0
153.0
242.0
176.0
176.0
174.0
220.0
246.0
130.0
142.0
34.0
254.0
153.0
153.0
153.0
158.0
216.0
60.0
242.0
118.0
177.0
176.0
213.0
216.0
208.0
153.0
153.0
153.0
207.0
167.0
220.0
199.0
11.0
153.0
219.0
11.0
127.0
180.0
30.0
153.0
176.0
86.0
143.0
60.0
110.0
245.0
60.0
142.0
176.0
162.0
153.0
43.0
44.0
201.0
130.0
207.0
143.0
153.0
153.0
131.0
14.0
94.0
115.0
115.0
193.0
176.0
176.0
164.0
110.0
186.0
88.0
164.0
176.0
55.0
176.0
153.0
131.0
110.0
153.0
153.0
64.0
105.0
13.0
208.0
155.0
153.0
98.0
177.0
153.0
213.0
18.0
247.0
4.0
153.0
130.0
216.0
130.0
176.0
180.0
13.0
153.0
87.0
176.0
153.0
7.0
185.0
202.0
250.0
174.0
208.0
184.0
208.0
181.0
177.0
60.0
108.0
153.0
153.0
242.0
220.0
130.0
130.0
163.0
153.0
208.0
95.0
90.0
216.0
36.0
135.0
181.0
227.0
166.0
153.0
0.0
94.0
220.0
163.0
60.0
153.0
6.0
254.0
36.0
153.0
153.0
153.0
44.0
153.0
176.0
80.0
169.0
18.0
176.0
216.0
229.0
87.0
60.0
153.0
130.0
180.0
19.0
118.0
254.0
242.0
131.0
243.0
162.0
162.0
153.0
176.0
87.0
101.0
116.0
206.0
153.0
98.0
207.0
129.0
178.0
176.0
236.0
60.0
153.0
216.0
118.0
14.0
160.0
64.0
136.0
102.0
130.0
238.0
153.0
130.0
216.0
80.0
153.0
66.0
213.0
253.0
42.0
139.0
232.0
176.0
176.0
99.0
153.0
25.0
153.0
176.0
216.0
0.0
223.0
208.0
36.0
155.0
60.0
228.0
142.0
44.0
73.0
110.0
153.0
151.0
207.0
208.0
153.0
14.0
60.0
216.0
153.0
44.0
153.0
39.0
218.0
29.0
176.0
207.0
14.0
60.0
38.0
215.0
19.0
254.0
216.0
199.0
194.0
44.0
36.0
153.0
114.0
158.0
152.0
215.0
44.0
153.0
67.0
220.0
153.0
180.0
153.0
176.0
153.0
153.0
228.0
169.0
142.0
176.0
207.0
207.0
216.0
185.0
4.0
191.0
94.0
216.0
163.0
178.0
139.0
169.0
127.0
208.0
60.0
245.0
153.0
60.0
153.0
119.0
87.0
153.0
142.0
88.0
220.0
153.0
120.0
151.0
153.0
151.0
153.0
153.0
174.0
208.0
139.0
75.0
153.0
40.0
75.0
44.0
60.0
136.0
62.0
153.0
229.0
163.0
87.0
153.0
129.0
166.0
130.0
34.0
131.0
153.0
60.0
186.0
150.0
115.0
162.0
153.0
150.0
67.0
153.0
153.0
153.0
153.0
153.0
130.0
110.0
242.0
60.0
243.0
227.0
213.0
60.0
36.0
186.0
216.0
213.0
189.0
105.0
153.0
207.0
11.0
213.0
208.0
2.0
229.0
14.0
213.0
94.0
143.0
163.0
252.0
142.0
208.0
220.0
153.0
153.0
118.0
60.0
131.0
163.0
227.0
208.0
83.0
153.0
162.0
60.0
44.0
99.0
153.0
228.0
85.0
152.0
30.0
151.0
208.0
208.0
60.0
143.0
153.0
14.0
60.0
227.0
153.0
220.0
118.0
250.0
130.0
153.0
64.0
181.0
45.0
18.0
180.0
153.0
247.0
129.0
45.0
180.0
180.0
180.0
180.0
153.0
71.0
118.0
107.0
67.0
84.0
15.0
216.0
237.0
220.0
228.0
118.0
207.0
115.0
153.0
155.0
115.0
14.0
8.0
118.0
177.0
108.0
60.0
126.0
165.0
180.0
243.0
13.0
213.0
216.0
245.0
153.0
118.0
44.0
181.0
163.0
220.0
34.0
181.0
60.0
130.0
153.0
146.0
150.0
162.0
183.0
167.0
87.0
199.0
153.0
59.0
164.0
167.0
115.0
115.0
5.0
18.0
193.0
216.0
130.0
162.0
153.0
236.0
44.0
116.0
216.0
130.0
249.0
208.0
153.0
239.0
179.0
172.0
199.0
14.0
130.0
14.0
115.0
183.0
14.0
18.0
24.0
139.0
53.0
161.0
44.0
174.0
60.0
183.0
196.0
183.0
94.0
229.0
153.0
30.0
153.0
64.0
87.0
207.0
153.0
60.0
207.0
153.0
136.0
244.0
94.0
30.0
163.0
130.0
164.0
108.0
208.0
110.0
206.0
110.0
110.0
153.0
213.0
137.0
143.0
153.0
88.0
44.0
14.0
4.0
216.0
15.0
110.0
114.0
153.0
77.0
99.0
61.0
208.0
3.0
196.0
60.0
226.0
130.0
163.0
186.0
191.0
110.0
153.0
237.0
130.0
228.0
34.0
43.0
163.0
164.0
130.0
189.0
88.0
153.0
216.0
216.0
207.0
245.0
94.0
41.0
34.0
111.0
60.0
163.0
131.0
177.0
143.0
88.0
193.0
243.0
162.0
60.0
229.0
68.0
194.0
118.0
163.0
118.0
13.0
146.0
60.0
155.0
167.0
163.0
30.0
208.0
30.0
207.0
104.0
130.0
216.0
123.0
113.0
153.0
60.0
153.0
186.0
163.0
151.0
206.0
216.0
237.0
14.0
153.0
35.0
236.0
216.0
87.0
18.0
208.0
116.0
87.0
216.0
130.0
252.0
158.0
0.0
218.0
207.0
50.0
155.0
151.0
153.0
93.0
159.0
11.0
116.0
153.0
34.0
60.0
67.0
18.0
6.0
153.0
242.0
131.0
122.0
158.0
160.0
153.0
4.0
208.0
167.0
153.0
150.0
26.0
220.0
153.0
153.0
130.0
205.0
204.0
124.0
153.0
130.0
229.0
151.0
4.0
216.0
219.0
130.0
110.0
130.0
163.0
27.0
94.0
115.0
69.0
93.0
128.0
216.0
17.0
220.0
171.0
196.0
253.0
196.0
201.0
18.0
44.0
219.0
129.0
220.0
27.0
34.0
213.0
163.0
44.0
153.0
14.0
153.0
153.0
64.0
208.0
87.0
223.0
153.0
115.0
220.0
18.0
153.0
34.0
115.0
54.0
123.0
17.0
153.0
108.0
60.0
253.0
129.0
81.0
208.0
254.0
153.0
153.0
185.0
60.0
153.0
163.0
90.0
153.0
254.0
177.0
66.0
105.0
44.0
18.0
18.0
87.0
162.0
213.0
128.0
147.0
220.0
213.0
153.0
129.0
196.0
186.0
60.0
150.0
146.0
60.0
163.0
153.0
18.0
154.0
153.0
153.0
153.0
153.0
153.0
153.0
229.0
153.0
18.0
153.0
156.0
106.0
163.0
163.0
179.0
216.0
30.0
124.0
31.0
153.0
185.0
153.0
206.0
153.0
190.0
198.0
60.0
153.0
153.0
207.0
34.0
89.0
220.0
51.0
153.0
162.0
216.0
153.0
153.0
134.0
131.0
44.0
64.0
122.0
153.0
239.0
94.0
201.0
220.0
207.0
153.0
69.0
153.0
153.0
213.0
195.0
44.0
153.0
221.0
153.0
196.0
207.0
45.0
66.0
208.0
18.0
229.0
34.0
8.0
159.0
130.0
116.0
153.0
242.0
229.0
250.0
60.0
207.0
153.0
151.0
153.0
177.0
153.0
18.0
16.0
213.0
153.0
153.0
130.0
139.0
208.0
220.0
153.0
44.0
254.0
153.0
162.0
248.0
153.0
153.0
163.0
243.0
40.0
154.0
72.0
162.0
163.0
163.0
233.0
229.0
162.0
153.0
245.0
208.0
60.0
176.0
163.0
216.0
160.0
153.0
153.0
153.0
153.0
236.0
216.0
16.0
216.0
153.0
237.0
60.0
153.0
153.0
153.0
153.0
97.0
213.0
30.0
213.0
18.0
207.0
163.0
139.0
117.0
153.0
221.0
207.0
216.0
10.0
87.0
153.0
30.0
153.0
87.0
136.0
131.0
195.0
115.0
153.0
4.0
153.0
146.0
227.0
158.0
94.0
153.0
213.0
213.0
216.0
123.0
208.0
228.0
196.0
158.0
26.0
118.0
108.0
28.0
180.0
153.0
18.0
163.0
153.0
182.0
153.0
14.0
153.0
153.0
153.0
153.0
128.0
178.0
236.0
242.0
254.0
163.0
105.0
153.0
64.0
216.0
130.0
36.0
216.0
18.0
208.0
220.0
220.0
228.0
216.0
242.0
14.0
192.0
27.0
54.0
63.0
153.0
18.0
62.0
156.0
163.0
130.0
179.0
44.0
153.0
216.0
32.0
195.0
153.0
153.0
203.0
236.0
62.0
171.0
153.0
196.0
130.0
130.0
153.0
224.0
153.0
153.0
207.0
51.0
186.0
248.0
192.0
153.0
118.0
203.0
229.0
153.0
180.0
92.0
153.0
153.0
89.0
215.0
153.0
131.0
18.0
163.0
14.0
183.0
213.0
153.0
192.0
143.0
94.0
115.0
89.0
220.0
196.0
153.0
153.0
180.0
153.0
105.0
214.0
153.0
171.0
196.0
235.0
208.0
228.0
186.0
131.0
180.0
14.0
129.0
110.0
153.0
228.0
125.0
180.0
158.0
85.0
153.0
196.0
130.0
153.0
47.0
254.0
171.0
108.0
142.0
130.0
220.0
153.0
208.0
153.0
34.0
168.0
153.0
153.0
179.0
153.0
180.0
153.0
40.0
180.0
99.0
153.0
207.0
201.0
153.0
180.0
169.0
177.0
153.0
104.0
140.0
153.0
18.0
186.0
130.0
87.0
242.0
153.0
130.0
207.0
216.0
103.0
199.0
11.0
130.0
161.0
46.0
81.0
63.0
130.0
59.0
59.0
153.0
97.0
228.0
207.0
245.0
14.0
60.0
236.0
65.0
242.0
180.0
242.0
163.0
254.0
153.0
75.0
153.0
44.0
196.0
220.0
208.0
129.0
242.0
14.0
64.0
153.0
153.0
207.0
153.0
213.0
87.0
60.0
105.0
130.0
183.0
208.0
207.0
79.0
16.0
208.0
213.0
216.0
204.0
208.0
73.0
183.0
14.0
18.0
227.0
207.0
153.0
180.0
130.0
0.0
151.0
255.0
167.0
57.0
162.0
243.0
18.0
73.0
155.0
85.0
206.0
11.0
153.0
34.0
44.0
208.0
220.0
153.0
251.0
163.0
104.0
213.0
153.0
213.0
224.0
67.0
241.0
201.0
44.0
224.0
155.0
153.0
170.0
199.0
208.0
181.0
216.0
153.0
116.0
18.0
130.0
118.0
153.0
244.0
153.0
130.0
101.0
146.0
110.0
207.0
34.0
191.0
116.0
129.0
130.0
164.0
153.0
100.0
207.0
153.0
213.0
206.0
220.0
60.0
28.0
35.0
118.0
153.0
247.0
153.0
232.0
166.0
169.0
44.0
110.0
58.0
64.0
228.0
48.0
220.0
14.0
244.0
213.0
0.0
180.0
110.0
150.0
118.0
167.0
153.0
153.0
153.0
122.0
153.0
118.0
153.0
153.0
0.0
180.0
159.0
180.0
18.0
207.0
178.0
216.0
130.0
163.0
220.0
4.0
153.0
60.0
243.0
104.0
12.0
108.0
94.0
94.0
207.0
181.0
60.0
180.0
153.0
110.0
98.0
180.0
60.0
118.0
160.0
228.0
41.0
115.0
221.0
146.0
130.0
153.0
63.0
180.0
180.0
113.0
213.0
180.0
242.0
118.0
130.0
167.0
216.0
128.0
207.0
178.0
60.0
207.0
176.0
228.0
182.0
207.0
44.0
137.0
158.0
153.0
180.0
220.0
130.0
140.0
153.0
60.0
118.0
244.0
130.0
118.0
28.0
221.0
110.0
159.0
187.0
243.0
57.0
245.0
72.0
228.0
221.0
98.0
118.0
217.0
180.0
153.0
228.0
42.0
14.0
142.0
245.0
158.0
20.0
159.0
68.0
110.0
64.0
153.0
83.0
84.0
18.0
207.0
228.0
153.0
115.0
176.0
129.0
163.0
253.0
217.0
139.0
179.0
4.0
216.0
115.0
220.0
146.0
160.0
14.0
130.0
153.0
153.0
130.0
66.0
116.0
220.0
82.0
163.0
193.0
93.0
153.0
169.0
41.0
208.0
130.0
4.0
14.0
131.0
185.0
0.0
45.0
153.0
25.0
216.0
88.0
153.0
129.0
127.0
130.0
62.0
183.0
213.0
216.0
153.0
206.0
130.0
64.0
158.0
99.0
34.0
160.0
153.0
44.0
40.0
156.0
93.0
110.0
183.0
196.0
247.0
89.0
153.0
44.0
130.0
153.0
201.0
60.0
105.0
130.0
153.0
180.0
118.0
153.0
194.0
128.0
87.0
142.0
14.0
201.0
44.0
18.0
153.0
213.0
153.0
11.0
162.0
118.0
206.0
153.0
103.0
14.0
130.0
151.0
18.0
216.0
180.0
153.0
118.0
30.0
115.0
242.0
149.0
242.0
208.0
118.0
216.0
128.0
130.0
116.0
118.0
43.0
204.0
130.0
216.0
4.0
207.0
14.0
88.0
220.0
101.0
130.0
18.0
158.0
247.0
153.0
108.0
118.0
207.0
15.0
161.0
127.0
163.0
180.0
60.0
108.0
213.0
153.0
129.0
247.0
60.0
130.0
199.0
131.0
180.0
60.0
116.0
14.0
220.0
179.0
180.0
158.0
60.0
180.0
216.0
142.0
245.0
43.0
156.0
13.0
205.0
245.0
245.0
244.0
228.0
201.0
206.0
0.0
221.0
87.0
161.0
180.0
171.0
229.0
110.0
153.0
106.0
244.0
0.0
138.0
215.0
14.0
18.0
221.0
206.0
206.0
163.0
153.0
213.0
171.0
178.0
228.0
98.0
10.0
86.0
218.0
14.0
89.0
44.0
136.0
118.0
80.0
206.0
130.0
215.0
64.0
148.0
248.0
216.0
163.0
160.0
195.0
18.0
153.0
159.0
220.0
207.0
131.0
211.0
186.0
213.0
60.0
155.0
161.0
105.0
118.0
131.0
130.0
220.0
11.0
181.0
178.0
158.0
207.0
231.0
191.0
211.0
108.0
153.0
245.0
14.0
106.0
40.0
151.0
88.0
146.0
116.0
227.0
242.0
130.0
98.0
216.0
193.0
213.0
218.0
129.0
216.0
254.0
67.0
143.0
208.0
87.0
0.0
229.0
23.0
18.0
221.0
207.0
143.0
254.0
60.0
162.0
128.0
213.0
246.0
43.0
124.0
227.0
170.0
207.0
150.0
175.0
171.0
223.0
4.0
192.0
34.0
94.0
93.0
74.0
153.0
207.0
153.0
130.0
60.0
53.0
45.0
0.0
216.0
146.0
60.0
116.0
10.0
183.0
158.0
201.0
208.0
126.0
130.0
206.0
228.0
52.0
208.0
136.0
196.0
207.0
179.0
136.0
153.0
136.0
109.0
133.0
184.0
18.0
178.0
208.0
167.0
180.0
183.0
151.0
44.0
34.0
110.0
153.0
13.0
28.0
163.0
67.0
136.0
178.0
130.0
136.0
136.0
191.0
136.0
216.0
150.0
229.0
181.0
34.0
153.0
151.0
142.0
152.0
173.0
130.0
87.0
60.0
136.0
180.0
130.0
130.0
83.0
155.0
118.0
233.0
44.0
207.0
36.0
200.0

